Cluster 1045: 52.0,371.0,372.0,373.0,565.0,727.0,1183.0,1756.0,1810.0,2026.0,2279.0,2280.0,2585.0
Cluster 992: 1193.0,1253.0,1594.0,1623.0,1672.0,1734.0,1781.0,2071.0,2133.0,2233.0,2404.0
Cluster 12: 20.0,491.0,949.0,1091.0,1318.0,1319.0,2114.0,2561.0
Cluster 1951: 177.0,623.0,753.0,811.0,1461.0,2021.0,2155.0,2518.0
Cluster 644: 148.0,188.0,359.0,586.0,743.0,744.0,745.0,1095.0,2436.0,2528.0,2529.0
Cluster 1226: 133.0,135.0,358.0,375.0,677.0,695.0,696.0,700.0,701.0,862.0,2236.0,2238.0,2240.0,2331.0
Cluster 92: 91.0,148.0,564.0,1124.0,1588.0,1688.0,1799.0,1849.0,1895.0,2148.0
Cluster 757: 118.0,514.0,515.0,686.0,687.0,688.0,1375.0,1559.0,2073.0,2602.0
Cluster 1226: 133.0,135.0,358.0,375.0,677.0,695.0,696.0,700.0,701.0,862.0,2236.0,2238.0,2240.0,2331.0
Cluster 434: 31.0,136.0,393.0,402.0,771.0,1113.0,1526.0,1556.0,1608.0,1746.0,1844.0,2557.0
Cluster 1216: 83.0,84.0,236.0,305.0,1028.0,1759.0,2143.0,2502.0,2503.0
Cluster 2056: 105.0,379.0,381.0,383.0,985.0,986.0,1020.0,1477.0,2214.0
Cluster 452: 306.0,1065.0,1066.0,1454.0,1556.0,2009.0,2153.0,2210.0,2332.0
Cluster 2008: 31.0,135.0,385.0,400.0,760.0,853.0,1103.0,1518.0,1544.0,1738.0
Cluster 886: 908.0,1485.0,1568.0,1710.0,1760.0,1783.0,1794.0,1961.0,1962.0,2341.0
Cluster 730: 374.0,399.0,412.0,470.0,753.0,1168.0,1196.0,1437.0,1754.0,2314.0
Cluster 1288: 247.0,489.0,889.0,1230.0,1259.0,1261.0,1263.0,1361.0,1375.0,1576.0,1894.0,1953.0,2182.0,2514.0,2637.0
Cluster 557: 31.0,135.0,389.0,402.0,761.0,853.0,1109.0,1521.0,1552.0,1742.0
Cluster 1919: 834.0,836.0,1183.0,1454.0,1618.0,1958.0,2279.0,2441.0
Cluster 798: 373.0,509.0,560.0,565.0,705.0,1727.0,2060.0,2061.0